,R1,R2,R3,R4,R5,R6,R7,R8
A,887499,119123,0,0,1413807,697769,158596,173039
R,0,477229,0,0,0,410257,187120,411355
N,0,85972,0,0,0,410297,191368,106912
D,0,12682,0,0,0,230712,407252,147852
C,634863,110214,0,0,790716,121838,206719,234901
E,0,74141,0,0,0,159764,198997,224736
Q,0,104809,0,5069679,0,201087,139021,268232
G,0,19863,0,0,1546104,425783,156340,359348
H,0,68258,0,241040,0,146603,87944,249020
I,222702,495786,0,0,0,98396,240932,331716
L,381402,643627,4564215,0,0,620055,522071,1025491
K,0,284781,0,0,0,66465,112049,221317
M,0,287670,611145,183004,0,168919,543197,153478
F,0,193901,318363,0,0,349040,540791,204681
P,196359,1447,0,0,0,110,84200,113199
S,718197,549938,0,0,1743096,589808,404139,415682
T,645555,455123,0,0,0,265091,385998,166813
W,123164,239620,0,0,0,154970,143695,147339
Y,0,173246,0,0,0,117144,347271,138000
V,1683982,1096293,0,0,0,259615,436023,400612
